kinematics:
  shoulder:
    x: 0
    y: 0
    z: 0.15184208916378214
    roll: -0
    pitch: 0
    yaw: -3.2104193981492141e-05
  upper_arm:
    x: 2.9022575090839063e-05
    y: 0
    z: 0
    roll: 1.5710585329048588
    pitch: 0
    yaw: -0.00010396293799813884
  forearm:
    x: -0.24342832129777711
    y: 0
    z: 0
    roll: 3.1349904055334274
    pitch: -3.1408524994467153
    yaw: 3.1415821085588398
  wrist_1:
    x: -0.21292359577820841
    y: -0.00039463926363335821
    z: 0.11318332823399002
    roll: 0.0034867119615468131
    pitch: 0.004627133377723189
    yaw: 0.00011364440210797231
  wrist_2:
    x: -4.9217836640362817e-05
    y: -0.085289630384749487
    z: -0.00010128323270105772
    roll: 1.5719838473015997
    pitch: 0
    yaw: 3.6212579528778141e-05
  wrist_3:
    x: -1.2386132205379299e-05
    y: 0.0822847366590094
    z: -9.8818389707269508e-05
    roll: 1.5695953951736377
    pitch: 3.1415926535897931
    yaw: -3.1415768841219833
  hash: calib_5792411712432260387